# Excitation energies (eV), oscillator strengths
7.3921600838438035 8.045938054426385e-28
8.55480780883642 2.668574434133659e-26
8.554807808836692 4.295019397770301e-27
10.736077497941439 0.04823847144935615
10.736077497942327 0.048238471449369935
16.312226117114292 0.32546639069726563
16.667669560066724 0.01578673243419724
16.667669560066983 0.015786732434200083
20.471167627514436 0.3216058959135502
20.47116762751467 0.3216058959135507
21.431119887230977 1.4857085858126395
26.01246214048703 0.3956430441815478
28.91302782922012 0.0014971111464797255
28.913027829220127 0.0014971111464790903
33.561233259845814 0.001597282285773213
33.561233259846006 0.0015972822857732753
36.68819904015707 0.018092459068305543
38.894917283370546 0.4405841375192158
45.04695611183845 0.0006087070383468048
54.541617626446715 0.27234789880724247
