0.19999999999999998, -3.600791414863699
0.2015075376884422, -4.45363374420945
0.2030150753768844, -5.49508317395292
0.20452261306532662, -6.767557746757047
0.20603015075376882, -8.315768658647492
0.20753768844221104, -10.197387022475567
0.20904522613065324, -12.479248476279716
0.21055276381909546, -15.237638872744629
0.21206030150753769, -18.570021005386828
0.21356783919597988, -22.579945376837433
0.2150753768844221, -27.401756979447676
0.2165829145728643, -33.18145712369896
0.21809045226130652, -40.09624835716001
0.21959798994974872, -48.35372556600113
0.22110552763819094, -58.18491965537808
0.22261306532663316, -69.8764532899378
0.22412060301507536, -83.73537402239168
0.22562814070351758, -100.14029291370149
0.22713567839195978, -119.50811948155464
0.228643216080402, -142.3229759885818
0.2301507537688442, -169.14920682017132
0.23165829145728642, -200.60229341478274
0.23316582914572864, -237.424319130041
0.23467336683417084, -280.4092993212682
0.23618090452261306, -330.49752445309053
0.23768844221105526, -388.72526999756076
0.23919597989949748, -456.254583613449
0.24070351758793967, -534.4246668706152
0.2422110552763819, -624.6672564959738
0.24371859296482412, -728.6626537794066
0.24522613065326632, -848.1940017739644
0.24673366834170854, -985.2999129881302
0.24824120603015074, -1142.2114477856671
0.24974874371859296, -1321.3506468601042
0.25125628140703515, -1525.4673986428588
0.2527638190954774, -1757.4347631049502
0.2542713567839196, -2020.5378964959978
0.2557788944723618, -2318.2132925086535
0.257286432160804, -2654.2591258764014
0.25879396984924624, -3032.7835280097806
0.26030150753768844, -3458.0943736786767
0.26180904522613063, -3935.0030754341597
0.2633165829145728, -4468.392117216776
0.2648241206030151, -5063.699021799068
0.2663316582914573, -5726.493477933821
0.26783919597989947, -6462.704872427923
0.2693467336683417, -7278.649247774685
0.2708542713567839, -8180.662511872333
0.2723618090452261, -9175.702083397584
0.27386934673366836, -10270.535013268214
0.27537688442211056, -11472.477957822979
0.27688442211055275, -12788.793487994408
0.27839195979899495, -14226.824910059633
0.27989949748743714, -15794.255042230128
0.2814070351758794, -17498.248342634208
0.2829145728643216, -19346.55032441277
0.2844221105527638, -21346.12525317401
0.28592964824120604, -23504.193924354233
0.28743718592964823, -25827.5197974773
0.2889447236180904, -28322.239371918084
0.2904522613065327, -30994.650527096448
0.2919597989949749, -33849.5399293507
0.29346733668341707, -36892.064040564466
0.2949748743718593, -40125.69967828448
0.2964824120603015, -43553.56826583392
0.2979899497487437, -47177.859085929325
0.2994974874371859, -50999.000145694365
0.3010050251256281, -55017.48197097308
0.30251256281407035, -59230.96315604061
0.30402010050251255, -63637.29371895397
0.30552763819095474, -68231.74723067961
0.307035175879397, -73008.49554965433
0.3085427135678392, -77960.6895353466
0.3100502512562814, -83078.3937146232
0.31155778894472363, -88352.20801056057
0.31306532663316583, -93768.64042605745
0.314572864321608, -99314.6604955449
0.3160804020100503, -104974.34650097453
0.31758793969849247, -110730.10730418535
0.31909547738693467, -116564.31802150441
0.32060301507537686, -122455.046805832
0.32211055276381906, -128382.5612264919
0.3236180904522613, -134322.24617635636
0.3251256281407035, -140251.03559463838
0.3266331658291457, -146143.82681421746
0.32814070351758795, -151973.5139118288
0.32964824120603015, -157715.69452633685
0.33115577889447234, -163340.40084189485
0.3326633165829146, -168823.21303878172
0.3341708542713568, -174134.4390782715
0.335678391959799, -179247.7917643342
0.33718592964824123, -184137.27683865067
0.3386934673366834, -188773.9394549658
0.3402010050251256, -193136.7773273699
0.3417085427135679, -197196.39082872268
0.34321608040201, -200934.719945034
0.34472361809045227, -204327.07991346653
0.34623115577889446, -207354.31309223335
0.34773869346733666, -210001.84066994212
0.3492462311557789, -212246.86833125958
0.3507537688442211, -214086.61508549476
0.3522613065326633, -215497.11941237646
0.35376884422110555, -216482.66197934723
0.35527638190954774, -217027.67760848644
0.35678391959798994, -217138.97230572012
0.3582914572864322, -216888.17080994308
0.35979899497487433, -216161.4803564411
0.3613065326633166, -214916.5945865104
0.36281407035175883, -213273.9765372182
0.364321608040201, -211213.2131167417
0.3658291457286432, -208745.43468479713
0.3673366834170854, -205901.39448405168
0.3688442211055276, -202676.0397539137
0.37035175879396987, -199108.48391603376
0.37185929648241206, -195204.11998166866
0.37336683417085426, -190989.87330556576
0.3748743718592965, -186492.25801873673
0.3763819095477387, -181727.18651558761
0.3778894472361809, -176730.41612874274
0.37939698492462315, -171519.8921713326
0.3809045226130653, -166127.44165214524
0.38241206030150754, -160579.30084260314
0.3839195979899498, -154900.71385685774
0.38542713567839193, -149122.67474830343
0.3869346733668342, -143267.7566502373
0.3884422110552764, -137365.74642413636
0.38994974874371857, -131439.7665159823
0.3914572864321608, -125515.2186163363
0.392964824120603, -119615.90348877496
0.3944723618090452, -113762.64276073207
0.39597989949748746, -107978.13924769743
0.39748743718592966, -102279.80901623177
0.39899497487437185, -96687.1394484019
0.4005025125628141, -91215.37247730962
0.40201005025125625, -85879.41000728504
0.4035175879396985, -80692.71226757545
0.40502512562814075, -75665.60768344143
0.4065326633165829, -70809.05715207395
0.40804020100502514, -66129.96385763641
0.40954773869346733, -61635.67730729229
0.41105527638190953, -57330.8664482019
0.4125628140703518, -53218.88346221799
0.414070351758794, -49302.48102041974
0.41557788944723617, -45581.741466141
0.4170854271356784, -42057.07730675494
0.4185929648241206, -38726.4888874788
0.4201005025125628, -35587.73685508961
0.42160804020100506, -32637.51154164378
0.4231155778894472, -29871.290130337315
0.42462311557788945, -27284.582900642585
0.4261306532663317, -24871.431679918744
0.42763819095477384, -22626.084275815163
0.4291457286432161, -20541.90854019096
0.4306532663316583, -18612.058475109923
0.4321608040201005, -16829.59399801791
0.43366834170854274, -15187.050165630295
0.43517587939698493, -13677.268902126742
0.43668341708542713, -12292.689826995993
0.4381909547738694, -11026.020437530162
0.4396984924623116, -9869.947461580574
0.44120603015075377, -8817.246310925262
0.442713567839196, -7860.988733797076
0.44422110552763816, -6994.27724912417
0.4457286432160804, -6210.612464691605
0.44723618090452266, -5503.626059816713
0.4487437185929648, -4867.294808221102
0.45025125628140705, -4295.8738848165995
0.4517587939698493, -3783.886403661182
0.45326633165829144, -3326.2215446372043
0.4547738693467337, -2918.0106005496336
0.45628140703517583, -2554.7523004874665
0.4577889447236181, -2232.2088566223747
0.45929648241206034, -1946.4609850052595
0.4608040201005025, -1693.8800456608974
0.4623115577889447, -1471.1036597297762
0.463819095477387, -1275.0613091166047
0.4653266331658291, -1102.9165223593195
0.46683417085427137, -952.0965819370408
0.4683417085427136, -820.2466756103277
0.46984924623115576, -705.2344383052553
0.471356783919598, -605.1305931404702
0.47286432160804026, -518.1904284535744
0.4743718592964824, -442.8501274947445
0.47587939698492465, -377.7016511110615
0.4773869346733668, -321.4901929171078
0.47889447236180904, -273.0937216679873
0.4804020100502513, -231.51652134655504
0.48190954773869343, -195.87429422701365
0.4834170854271357, -165.38608013995218
0.48492462311557794, -139.36242826088187
0.4864321608040201, -117.19727781754571
0.4879396984924623, -98.35939758769577
0.4894472361809046, -82.38282895906474
0.4909547738693467, -68.86306673552389
0.49246231155778897, -57.44550429503026
0.4939698492462312, -47.824973229629485
0.49547738693467336, -39.73516737061715
0.4969849246231156, -32.947217966250136
0.49849246231155775, -27.264125135171103
0.5, -22.515302095121534
