2.716567451693989721e-01
3.143832409659449434e-01
3.143832409659750304e-01
3.945433859516959685e-01
3.945433859517042952e-01
5.994629720109255766e-01
6.125252714888534955e-01
6.125252714888579364e-01
7.523011818508240633e-01
7.523011818508297255e-01
7.875787601817516581e-01
9.559399037325297943e-01
1.062533676758764978e+00
1.062533676758776524e+00
1.233351995604678342e+00
1.233351995604682561e+00
1.348265814637362725e+00
1.429361176298604041e+00
1.655444327277617589e+00
2.004366538686465304e+00
1.079119255959009749e+01
1.079119255959009749e+01
1.102705874973442235e+01
1.158598147133283440e+01
1.505276930426411397e+01
1.505276930426413173e+01
1.545400529315740279e+01
1.605736922257300137e+01
