1.443199612618178397e-14 -1.143664672054835849e-14 9.147811010945292786e-14
4.674248582899112298e-14 -1.843834387757911590e-15 4.668239847012530435e-14
1.536691118675819903e-14 -7.839067710549263550e-15 1.581526492178912419e-13
4.256501578598083646e-01 4.709580665799389942e-02 3.705524950504765791e-14
4.709580665800063015e-02 -4.256501578598232416e-01 1.632668836355355465e-14
1.221376048819906744e-14 -2.467233105388090271e-15 -9.024383071253829769e-01
1.806626966954336666e-01 -7.759368846371789141e-02 -7.289180266222757241e-14
7.759368846373806972e-02 1.806626966954308355e-01 -6.793310500664709038e-15
-5.989097800742282374e-01 -5.315556171922276585e-01 -1.735254638109934924e-15
-5.315556171922309892e-01 5.989097800742309019e-01 -2.296143813188164761e-15
7.388077361515008572e-15 -1.144603404274023221e-15 1.682152821665364728e+00
-1.748570127713840972e-15 -1.357722945220204668e-16 7.879199584936604772e-01
4.115893919107067173e-02 2.048031769721455134e-02 -7.446485610246081251e-15
-2.048031769721663300e-02 4.115893919107625060e-02 3.940974756737192165e-15
-4.247283323371108671e-02 1.177580825987189703e-02 6.803657711418697922e-15
1.177580825987261347e-02 4.247283323371389696e-02 -3.213036504689491116e-16
-1.683634420702107011e-15 2.364262173962475827e-15 1.418752590000240121e-01
-1.723137164005538868e-16 -5.131029088983328210e-17 -6.799689273870596073e-01
-2.427062637018210149e-17 -1.679439173262979643e-16 -2.348510473166503035e-02
1.591124955484605047e-16 -2.931737064129872892e-19 -4.514597867076381443e-01
-8.103336555169762812e-02 -5.874040919530585519e-02 -4.177776596300974356e-16
5.874040919530614663e-02 -8.103336555169721178e-02 -4.997015930450828915e-16
6.851795668727119602e-17 -7.337573144745787560e-17 -4.866118105943917360e-02
5.874001466875809597e-16 2.709809252000518208e-16 -1.190125268286111454e-01
3.795770921836767731e-02 -7.096804745597055930e-02 2.917269520222775364e-16
7.096804745597051767e-02 3.795770921836762180e-02 4.169125833733730853e-17
6.259308524480732466e-17 -9.087561691064208897e-17 -6.711653755217114603e-02
-1.197911250696508117e-16 -4.906656333492044539e-17 -5.469446316622365162e-02
