# Excitation energies (eV), oscillator strengths
9.141989894627386 1.6119009952576025e-27
9.579050228740169 2.653800515366411e-28
9.636307625345554 2.860470798883384e-28
10.297643902132712 0.045795262194997265
10.297643902132977 0.04579526219500045
14.276659318033316 0.020144142045789338
15.120750201318208 0.006693674566245147
15.12075020131851 0.0066936745662469375
18.198618827081248 0.2782402372445448
18.198618827081624 0.27824023724455504
18.623682241593972 1.202035723818915
24.84184742205241 0.7394434698806143
26.132114629303235 0.002598445164372585
26.132114629303423 0.002598445164371491
31.44277884430376 0.0059894653516342645
32.03366463981258 0.004204315514697491
32.033664639813146 0.004204315514697197
34.14195344043046 0.3720113765307065
40.57384310396536 0.004740480189618793
50.2320146365872 0.4366901490798622
